41,3
41,2
41,1
41,0
38,6
38,5
38,4
38,3
38,2
38,1
38,0
37,4
37,3
37,2
37,1
37,0
34,6
34,5
34,4
34,3
34,2
34,1
34,0
33,5
33,4
33,3
33,2
33,1
33,0
32,4
32,3
32,2
32,1
32,0
29,8
29,7
29,6
29,5
29,4
29,3
29,2
29,1
29,0
28,5
28,4
28,3
28,2
28,1
28,0
27,7
27,6
27,5
27,4
27,3
27,2
27,1
27,0
26,5
26,3
26,2
26,1
26,0
25,5
25,4
25,3
25,2
25,1
25,0
24,3
24,2
24,1
24,0
20,6
20,5
20,4
20,3
20,2
20,1
20,0
19,7
19,6
19,5
19,4
19,3
19,2
19,1
19,0
17,6
17,5
17,4
17,3
17,2
17,1
17,0
15,5
15,4
15,3
15,2
15,1
15,0
14,7
14,5
14,4
14,3
14,2
14,1
14,0
6,3
6,2
6,1
6,0
5,3
5,2
5,1
5,0
4,3
2,13
2,11
2,10
2,9
2,8
2,7
2,6
2,5
2,3
2,2
2,1
2,0
1,3
0,444
0,443
0,408
0,322
0,308
0,307
0,243
0,9
0,1
0,300
0,420
0,299
0,419
0,298
0,418
0,297
0,417
0,296
0,434
0,295
0,294
0,415
0,293
0,414
0,292
0,410
0,291
0,412
0,290
0,411
0,289
0,424
0,288
0,433
0,287
0,432
0,286
0,409
0,285
0,407
0,284
0,406
0,283
0,405
41,4
41,5
41,7
41,8
44,0
44,1
44,3
44,5
44,6
46,1
46,2
46,4
47,1
47,2
47,4
47,5
48,0
48,1
48,3
48,5
49,0
49,2
49,3
49,5
49,7
49,8
51,1
51,2
51,4
58,0
58,2
58,4
58,5
61,0
61,1
61,3
62,0
62,1
62,3
62,4
62,6
64,0
64,2
65,0
65,1
65,3
65,4
66,0
66,2
66,3
66,5
69,0
69,2
69,4
74,0
74,2
74,3
74,5
77,0
77,2
78,0
78,1
78,3
80,0
80,2
82,0
82,1
82,3
84,0
84,2
84,3
85,0
85,2
85,3
85,5
85,6
85,8
86,1
86,2
86,4
86,5
87,1
87,2
87,4
88,1
88,2
88,4
88,5
90,0
90,2
90,3
91,1
91,2
92,0
92,2
92,3
94,0
94,1
94,3
94,4
95,1
95,3
96,0
96,2
96,3
96,5
96,7
96,8
96,10
96,11
96,13
96,14
98,1
98,3
98,4
99,1
99,2
99,4
99,6
99,7
100,0
100,1
100,3
100,4
100,6
101,0
101,1
101,3
101,4
102,1
102,3
102,4
103,0
103,1
103,3
103,4
103,2
102,5
102,2
102,0
101,2
100,7
100,5
100,2
99,9
99,5
99,3
99,0
98,2
98,0
96,12
96,9
96,6
96,4
96,1
95,2
95,0
94,2
92,4
92,1
91,3
91,0
90,1
88,6
88,3
88,0
87,3
87,0
86,3
86,0
85,7
85,4
85,1
84,4
84,1
82,2
80,3
80,1
78,2
77,3
77,1
74,4
74,1
69,3
69,1
66,4
66,1
65,5
65,2
64,3
64,1
62,5
62,2
61,4
61,2
58,6
58,3
58,1
51,3
51,0
49,6
49,4
49,1
48,4
48,2
47,6
47,3
47,0
46,3
46,0
44,4
44,2
41,9
41,6
0,282
0,404
0,281
0,403
0,280
0,402
0,279
0,401
0,278
0,400
0,277
0,399
0,276
0,398
0,275
0,397
0,274
0,396
0,273
0,395
0,272
0,394
0,271
0,393
0,270
0,392
0,269
0,391
0,268
0,390
0,267
0,389
0,266
0,388
0,265
0,387
0,264
0,439
0,263
0,431
0,262
0,386
0,261
0,385
0,260
0,384
0,259
0,383
0,258
0,382
0,257
0,381
0,256
0,380
0,255
0,379
0,254
0,378
0,253
0,377
0,252
0,430
0,251
0,429
0,250
0,376
0,249
0,375
0,248
0,374
0,247
0,373
0,246
0,372
0,245
0,371
0,244
0,370
0,242
0,369
0,241
0,368
0,240
0,367
0,239
0,428
0,238
0,237
0,236
0,235
0,234
0,233
0,232
0,231
0,230
0,229
0,228
0,357
0,227
0,436
0,226
0,435
0,225
0,356
0,224
0,355
0,223
0,354
0,222
0,353
0,221
0,352
0,220
0,351
0,219
0,350
0,218
0,426
0,217
0,425
0,216
0,349
0,215
0,348
0,214
0,347
0,213
0,346
0,212
0,345
0,211
0,344
0,210
0,343
0,209
0,208
0,341
0,207
0,340
0,206
0,413
0,205
0,423
0,204
0,339
0,203
0,202
0,337
0,201
0,336
0,200
0,335
0,199
0,334
0,198
0,333
0,197
0,332
0,196
0,331
0,195
0,330
0,194
0,329
0,193
0,328
0,192
0,327
0,63
0,326
0,62
0,61
0,60
0,323
0,59
0,58
0,57
0,56
0,55
0,54
0,53
0,52
0,51
0,50
0,49
0,312
0,48
0,311
0,47
0,46
0,45
0,6
0,0
0,5
0,304
0,303
0,310
0,305
0,302
0,12
0,438
0,10
0,8
0,11
0,4
0,2
0,3
0,7
